Time: 0.000147000 seconds | CompleteTranslationUnit;
Time: 0.000082999 seconds | fib<3>;
Time: 0.000064001 seconds | fib<4>;
